10

0

5

-5

1

10
5
0
0
2
2
100
50
-10
-10
10
2 8 6 4 5 7
0
1 1 1 1 1 1
3
3 3 3 3 3 3
5
-1 0 1 2 3 4
100
10 20 30 40 50 60
10
4 6 10 14 16 8 12
5
2 2 2 2 2 2 2 2 2
0
1 1 1 2 2 3 3 3 4
15
3 5 7 9 11 5 3 3 3
-5
-1 -1 -2 -3 -4 -5 -5 -5 -6
0
-10 -5 5 10 15 -1 1
0
10 -10 0 -5 5
10
-15 -10 -5 0 5 10 15
5
5 -5 0 -1 1
0
-1 -2 -3 3 2 1
10
10 10 10 10 10 10
0
0 0 0 0 0 0
1
1 1 1 1 1 1
-5
-5 -5 -5 -5 -5 -5
100
100 100 100 100 100 100
10
10.1 10.2 10.3 10.4 10.5 10.6
0.5
0.49 0.50 0.51 0.52 0.53 0.54
0
0.01 -0.01 0.005 -0.005
1
0.9 1.1 1.05 0.95
100
99.9 100.1 100.05 99.95
100
1 200 -50 300 -200 150 0
50
-1000 1000 -500 500
0
10000 -10000 50000 -50000
1
100 200 -100 -200 300 -300
10
1 1000 10000 -1000 -10000
0.5
0.1 0.4 0.6 0.9 0.3 0.8
10.5
10.1 10.2 10.3
1.5
1.1 1.2 1.3 1.4
0.0
-0.1 0.0 0.1
5.5
5.0 6.0 5.5 5.2
1e10
1e9 1e8 1e7 1e6
1e6
1e5 1e4 1e3
1e5
1e1 1e2 1e3 1e4
end
